1581893
5625966
739860
355874
829566
219410
571598
3861691
822829
489001
831313
507360
767215
344573
301107
1316062
2398084
469117
171965
1140024
391300
2569181
2636685
1154622
1749727
1651053
1186467
2851486
345019
855153
525195
239982
302538
367441
4685076
1392203
39588975
304907
2356867
468265
5086943
3136604
412401
473901
20798731
668598
795132
2938723
17945500
643043
12365592
5002054
211610
407668
1284263
472302
1296638
1697634
9550774
332843
2947393
1238043
9116249
1886422
784661
400814
623224
213658
396558
21029302
658407
116522
236441
241930
5289322
91090
84663
2263204
2836250
818800
693108
147718
76814
2282237
381831
10976662
589454
185511
236482
430259
104396
594253
1885200
99912
27328
257293
2515397
4436734
6624985
1745804
855317
1465424
637168
205678159
4908489
2730892
37819839
6980799
1614751
6021726
7133568
1029137
799583
1166272
12019279
1141411
301277
326341
723908
278437
689607
301608
963345
138428
854085
1061059
3957914
1454071
1547618
421741
199783
621006
607686
3547749
439757
155966
2904121
368608
1266336
844676
911630
598393
1658769
281390
635460
3004077
677270
179293
419100
168529
261984
480973
554397
1146125
353109
514958
1214995
2217153
173315
122863
259123
102686
590447
138887
483526
239029
528509
484175
2631836
183331
25384138
390716
679332
2012640
262250
134122
5851631
508861
353431
225056
2812621
825606
9523754
2298314
211473
555389
117516318
108329
1600730
8781189
1393323
1383208
69581054
791370
7020316
41503371
1159479
5413636
8598682
1224800
47776348
5927002
1957857
1300945
674110134
6169099
20908852
659803
3498354
9264060
415422
1006336
26037608
9757363
4035298
215713224
19268828
1013560
74478442
79978705
2097846
81034922
204667390
147660656
27434164
15632220
101287429
25972309
263792340
13209421
7446374
89555
1781013
21471282
26506846
21218252
3362332
1889090
396616
17361923
2454125
46984812
13228129
2941894
22860164
657150
41327208
466950
112431
164700
23506478
6391618
660826
166726
487669
204630
81259
151962
113123
757823
64967855
189649
14639427
3239691
408390
30002074
1278162
4132405
538272
689576
964683
36035
250792
86867
27313257
53456
402953
253022
3413906
15783607
725101
354713
1259351
5508113
55079
1010661
1929218
1303461
1469957
565877
206622
375035
202774
1884684
595437
5781630
773604
423213
1594565
188442
51384
583288
111017
2004344
807758
188697
17930270
786263
79314469
78227224
7538721
8668851
46341650
16544548
4780577
4609388
6712345
45250124
10941803
119420201
11853344
535575
7457630
629055
21364647
90818287
250872
4344608
3368240
4363800
14907455
1972534
916256
266274
54385257
13712490
2042649
335945
1162741
346352
299660
394959
393390
1097459
1299074
3475138
2400380
76684873
309829
5391629
1230642
281630
171689
7695815
25754798
13346310
876792
192871
389853
11817380
8617249
6532871
137963943
4160693
2068223
9866069
1184349
81206660
8164089
68251948
10491399
43984792
21986198
1953934
6684232
7742549
3692393
16428334
17978641
2244615
1195604
717906
264578
15555453
618302
2384452
473575
1439224
212822
326657
86586
1207272
379587
1676319
4344764
480986
340606
7644887
230298
210236
318986
758765
2037159
2295293
534118
122591
1708808
229158
3964320
1249727
215293
15922063
1542315
555770
5792288
6657979
73469
16174681
235320
43977008
1315587
1258152
3037883
327898
3558236
163307
732983
328235
664508
752281
35327547
441677
410278
4218613
3606564
501585
50099
1585412
565207
618297
363112
574225
4097800
3971725
8275159
853237
141764735
762664
34299
3476255
1897104
551314
555533
41652023
1327163
8439076
151649
697286
452329
738431
1216822
4945322
5771846
163684
2438222
223331
331303
511036
169480
127048
405862
371891
117589
1572937
596993
3204838
125901
121576
4323488
620563
592173
166924
455665
437994
99509
512243
183724
770663
1621954
152020
637375
1233272
9278245
2309449
1090797
291629
2108484
800764
870614
377637
268356
1085091
268821
444639
41281
435379
173351
11224786
3312681
95482
287818
256262
1843342
869369
102819
1012242
130420
34051
648171
192885
330024
242658
1929716
1676795
914243
293482
107836
3183428
201961
220976
623902
622834
1303035
2072717
1317338
157438
571069
713985
49799
117227
660454
5250409
149215
341097
449558
334231
7365410
59331111
3504351
8893249
22543391
115991
2623462
168667
291546
1164800
1266953
139622
1265981
4444638
309404
972067
64760
4868261
509764
1588151
52130
338493
186356
1192003
334457
311515
306104
1176354
398029
631790
1229041
5127315
1180503
222378
134555
269997
1041570
728361
1920067
128172
450002
743524
322179
554696
267471
3262656
407561
396402
3398291
171683
517244
1567979
405764
1235834
86606
661824
587543
10213977
1510190
540661
539414
1039878
2213488
353293447
1844618
744564
3752020
1193119
1091099
79755132
725136
259657
1831600
512166
655023
1028961
908476
232590
331392
3349216
291398
565807
86030
189205
1427617
1300163
2364709
525282
1740916
492085
789122
217127
22366835
4941688
2858148
1812257
52800786
5381397
544111
1407838
1822653
1028400
1182844
10320051
13291312
6939925
1172784
10554729
1220417
423109
523148
618776
235282
425173
874958
1147826
1420796
613053
2667627
11100268
570743
523537
548346
63232
250258
334529
1523888
575777
9339109
10625117
856904
10082049
276048
164989
717532
214617
1871381
7366346
487698
3157389
357454
778702
799498
414860
562438
2005615
29400335
2636488
12644285
1129376
1506160
18393815
5636580
449112
292211
2697300
237405
563617
1264270
4581451
687894
1367081
173326
1132166
1573703
1267125
2344487
3609909
2514477
13239009
538788
2609183
472866
507234
596924
3006762
2893355
594786
15712178
2093161
915373
5194928
1077841
3908923
1329645
2048523
1392103
882058
1316493
631736
4584974
1797950
4446374
1564108
24068789
3830372
1257016
3355077
79582589
1515924
888920
887256
5745710
1588062
1382789
330582
1740277
106266
567159
436104
299367
799048
740807
6487294
1524344
573495
989886
705725
1030610
519313
12123896
597113
1769353
1176187
428590
1198206
976113
202639
8210141
473843
125405
9640996
803473
4396614
1123765
251337
2080780
574771
2479676
1076529
947972
1290234
324551
252465
658968
377501
250720
738200
6859440
910353
1034664
722906
1237936
399376
466581
1385883
607236
582853
2463240
725661
732795
380540
901690
827022
2140696
755488
4370149
216684
194634
956011
2175834
867396
5414101
347597
740718
816619
612698
295042
426273
479304
474447
843161
713852
890174
388759
841386
483186
479789
392350
874152
662029
1039324
626627
7944342
605355
400425
996136
1750660
15393187
598650
290175
1007971
366747
798226
1510398
1662627
439873
640639
340350
351330
395398
2491245
987417
411424
559057
591561
1398381
736325
37742546
3983149
1012561
174009
580404
8170168
677141
2491152
4682256
599376
200659
518135
204760
1540009
1008622
1029559
201400
2119053
390825
1026113
4985726
340798
772985
465554
286078
576492
234765
1260410
579275
429143
2218390
115719
75182
601299
125038
153042
248704
349492
832054
70203
1276136
1374276
199808
578589
234792
4306864
272087
87647
1496851
237239
2204081
1849819
820301
2618150
235682
124906
752540
974935
127374
161597
287080
326415
1106508
583812
179628
310746
362441
126814
41102504
282941
317374
131762
788036
215379
2531222
116584
557019
160111
1149326
1887724
352337
450534
303008
785894
367891
1460173
186558
113796
412590
507463
175704
266220
252101
162551
112381
439781
346312
1282876
522017
126677
2182506
240689
469923
2513132
220521
139650
340960
2662331
674061
28423486
1266082
9224270
186024
278199
141262
208502
183170
331291
645254
458159
169042
117026
93631
217562
466876
324439
75029
10597999
333416
442165
457649
195068
1357773
159832
724968
9025004
972190
3446767
1088034
133779
232050
321798
2081869
297702
343880
1209562
3024597
154472
1711228
460813
301386
5260084
1339471
324044
295351
193101
134905
4093950
148684
68386
188719
18175764
256867
1019488
2816119
182871
366264
216663
460030
1095503
597280
148852
723896
913415
4541642
554950
478261
483410
1969148
308157
172519
1915921
151331
48448704
1747116
407377
6578765
219552
576941
198305
1868139
303726
126140
160952
354253
162495
344816
257656
1141031
178529
4036678
227746
303045
2755277
143070
735990
1242203
317836
1056982
463809
73134
752364
159188
284906
859908
221021
1263445
1438773
79769
890515
1518501
211213
48787
238081
936901
1985134
187892
1897799
22949
274616
675696
483014
2666602
1384510
816499
205703
793023
299065
233257
433223
638121
5354183
287645
362827
592740
945799
93018
1059073
1496856
614060
8022902
387917
829368
931413
600019
4832284
11900165
11724035
180068
1469116
174264
475099
537863
3102843
37864775
204246
443247
860163
453550
337026
3036443
1541758
476084
21093283
905072
12287179
3730400
447532
2002252
2262951
393131
672639
1230144
21424452
6571209
3569449
780225
5061924
864699
530459
721062
1923768
7376661
140612
2224237
2976594
2253898
1133792
2299656
9629621
3431207
147117
5230091
606404
1581938
1867611
1016986
1049068
1965013
226762
744128
424219
4168754
2330519
18331283
968229
2115623
4906539
1543270
997524
1495204
5679540
464434
1483674
1621152
1079165
1024631
6881770
2880255
44315920
48491337
4534089
1303950
5626279
3948389
5237561
1226402
11739958
1182837
11404085
23138132
881189
83999563
40248921
1576427
6390500
1054974
1952387
6697323
4895969
2698897
44590603
12218581
6520799
23610863
1704873
40626609
2688436
20443970
6835904
146791776
1714775
49022260
22832632
105349822
38779107
193476
213996
3839036
990536
521585
387737
223168
1381495
3328608
399501
6906095
1245503
5837316
978394
1076561
573953
1028903
820994
1998643
358118
1137804
1176187
4717436
1519158
14687136
405269
427398
4466254
1200514
1421336
1004763
1355848
14513528
1434044
693894
291434
2197317
5342262
11688699
447825
36728636
46566
183900
1960584
642499
2631479
5845457
150931
405764
34884320
681803
3102946
971006
1193564
627956
4844818
343436
5428402
1469900
263183
5798477
1183571
91302267
611447
500232
117202
641435
175610
876851
12311876
350253
526482
7573411
4798011
1898732
1140005
280887
1525289
1190577
2803474
20953441
88510590
1078568
410841
13161687
1350217
1607191
1635461
216457
3843519
1476911
1152410
4532690
880147
559319
1336519
1842745
322608
258898
619837
2602655
23934542
691333
1870906
522390
674238
1182076
2678694
284173
118485235
529269
566013
1023198
2066706
654394
388504
2214173
179118
515553
238733
571299
177839
922289
274724
1593298
1768028
184295
324026
976492
772287
759934
1327067
1834838
604407
1330738
1257133
231577
9701265
2241108
1268132
623389
683695
1233914
493154
38182069
159119
931123
775430
2355643
814687
1173578
9737256
5364590
3043691
427760
7892112
2055855
612914
542365
737772
299236
693799
488842
876672
9566054
417971
312812
2229285
3976754
588145
892376
1091551
212385
482326
310436
1003382
243275
110373
479612
625486
524103
273387
519615
678643
632320
539206
4825269
3265920
162783
376626
144296
963540
1434572
7687632
11101769
266962
167270
16630
512353
7146540
528855
123512
183180
2534914
442076
1858879
1472058
2777915
326376
515305
4312518
1067132
996359
2596292
5437465
685649
542982
872979
193793
943300
468453
214876
1551743
1033000
864745
264245
1075898
845032
541842
101643
5933489
992078
85428
536846
420642
295118
666015
268657
444398
485940
419580
601470
1259252
225543
1954010
1452394
660154
154351
135096
467937
220552
652240
728378
277041
293940
1024154
1458380
363939
379860
353095
160972
8054261
4455478
1426333
163793
1720010
1254947
3643247
369988
106786
2176307
247780
300928
1413699
157577
9957429
355581
4536619
422842
576637
186712
245940
172184
289682
318517
214074
690512
4088363
427958
195300
14268347
374702
222789
668264
115480
244027
215501
1106100
400453
40442374
5018456
4369661
1617496
119805
1035508
781231
826511
209349
1060814
379731
540915
668977
568690
242590
172902
1030784
89603
619611
395918
361554
219323
311750
440304
1016449
1874888
707068
212672
407816
128568
556023
1032330
1630316
1449789
518142
5704109
692580
2012355
125043
377487
1130989
465200
217688
210309
14985235
135327
542754
1758889
69259764
937301
67142
140979
1477397
154291
154944
1040685
582693
254257
2090926
507344
834113
673156
336772
215618
572958
50956
322870
26201569
440341
918257
176981
170440
340301
118831
3397112
150460
460251
92310
442744
246322
234635
430976
3582705
4760598
44954
424239
28197
83305
656073
264984
144383
690774
3009782
141700
476285
105636
388574
65430
83514
4644828
304106
465489
30323
130145
211331
134249
209561
65806
917825
1061320
439497
905776
302684
195381
1363205
558981
207151
245133
327668
147331
311574
111505
45923
8559013
1785558
531950
27039
106930
65012
452422
580836
113978
352270
2471127
295801
255332
636084
408145
390803
468105
736872
342984
644905
1257559
971356
1180585
307071
1518218
87608
184265
1732186
39762567
205387
321629
78253
125703
242319
841385
86597
128139
96353
51476
102644
3105457
589167
228713
101018
122782
640085
58607
255488
435356
160434
435768
405833
60997
147274
392774
15726708
2548608
50072
68496
45055
2086648
488624
665751
112251
737281
271512
1302350
88116
244967
1054366
333734
2324666
294377
535857
294874
133461
754521
6603849
654575
1699460
697798
277263
117598
150300
291426
368738
58216
380187
290687
1280250
338224
330489
227272
741287
930658
98494965
2226487
2419786
62480
1439433
1217506
793287
185407
1237134
173454
1467414
285868
811888
23164021
630835
2949274
2509230
1955909
3388678
1151378
5900320
24296142
8680384
18453288
5213582
1479740
12598505
68097982
24830300
22713888
4855459
6064940
50659296
12942445
42259575
6551292
29707159
56531986
30955878
47985687
18414986
21331339
4767667
35334095
4457173
35419683
3976837
33433718
81153
2077081
647295
494407
2825457
95365
6658640
7305754
1175432
145919
148892
190844
6054181
572924
2069892
792120
2390004
128599
2488847
270984
1473432
659944
2998168
6383882
626489
5808812
287868
488293
898088
364838
307996
1216298
28193318
1330040
39754631
8329710
2745367
2586303
4572457
3551607
2125499
3444155
2213572
1738168
1768377
12070553
51058804
1427803
1708385
1736710
2274913
2050009
180038
1647019
5909765
84364928
941113
1914088
2058802
41555363
1760899
82166128
594109655
8700532
9820254
27547678
5234726
15204290
1225362
5953311
2266812
3035486
87874398
6683514
13274832
15865035
4266272
9522304
7717139
911167
485655
1291230
4019059
79971720
2541549
1772784
5408494
6144070
3725599
1618475
3535589
68102993
1535523
808285
5337591
767320
298826
811804
652520
537894
2119967
636622
1386626
3747469
11258857
2505256
6342645
2207677
135533
2114927
324834
7987144
1406361
627823
512220
192827
3412549
1384243
4487853
15875143
545364
1928906
4172736
1116779
2057379
29929950
1526806
22278100
1586339
6499517
144696
180731
2586744
456527
30993155
1348502
2148931
1557388
3474273
721408
858400
151284
7331197
1256135
5384913
183919
2483688
2765947
2255144
1532498
1196896
357390
637299
91539788
433303
818890
3010816
7133785
11099329
484229
8127873
7374891
243138
1333990
1130431
181834
1454745
8577751
456491
3776875
1839664
3286330
2892518
4612597
1577961
1971109
1168548
1630780
1116332
2192465
522237
927866
113141
5959661
1225841
66384516
273149
260034
1842284
4449782
2255763
3893224
874111
349815
129510
534592
206821
130011
358221
282868
231526
5199378
11144919
620158
350211
243123
838930
122052
235781
253205
90584
3712582
160334
235106
115391
112256
200561
167876
228755
145366
2439709
744314
1175057
1383630
1550496
157261
253121
544501
190686
640010
261229
210559
873516
385378
531551
42640
153835
33738
2334183
150023
1196318
125473
400060
563521
3698957
288124
4398991
1539615
7666519
1528868
2752533
1887451
2043788
5140223
778811
18362683
2996650
1012298
4191096
7180676
1923589
2980532
1450473
1284057
83020201
1863076
1737411
9368410
4915650
3663185
2443851
84571803
1920911
2070484
3634004
8294159
2419688
66352651
5310791
862964
2737156
1197418
1003681
560295
2017531
1990203
928117
3323251
1915274
9894855
1726071
5326346
1848091
9264642
23199762
1615660
8446847
2570523
6417786
333985
2219884
3797442
2330584
25191059
270302
632104
3474892
1417899
1790048
447426
656726
1451389
933468
5377510
975949
1113158
4241523
2391392
2717780
2687713
1804077
2850074
15288189
26590573
7011688
3391368
3479759
1179716
237375
9479663
3408448
5091384
1577422
6140420
851204
429517
279603
298262
326040
1069804
325252
1307845
758173
3260423
2630877
1077388
414286
288299
7055559
123935
4639957
142590
431441
1698902
1406542
826600
278476
237113
4364767
1263767
1176055
318522
113833
102294
270857
380725
506820
945826
151598
341867
1580562
888784
268211
427949
1291472
651550
603123
395730
911200
987390
312949
325689
352237
1542224
471357
2942472
561239
176203
191876
62315216
785648
1206257
924149
342692
2900421
1605383
1630596
1937989
211192
158197
2658238
640459
652493
1473936
2036828
166576
41932981
1047344
7660451
215316
901106
1140263
583962
4005422
17262470
1648308
1172725
2062668
691896
577237
7414436
3241815
250107
239962
266555
1060188
7766832
604164
2353071
2211479
320000
14248610
1641340
4237331
1299826
13546944
1386997
56498320
1650185
603867
957141
3104449
884191
310817
1282619
42480277
31814
3173716
3426247
85781846
2220494
6242485
1390047
18280605
5337374
4843265
30076987
9609822
4468711
262037
2154777
7725985
37788814
1169034
2504584
1569725
2287471
2834178
13557418
20270333
29712835
1460347
10903803
4200321
239883
5301725
530805
4368667
1251071
3915679
1495083
676764
8791081
25173857
2878766
5284390
20493815
14206551
6405208
2052842
4107217
1577070
6279754
68619082
1791602
13433775
2744868
822617
107494440
1176081
875235
4672886
1285207
2349867
553055
5129842
1914418
1745522
1789260
1729284
13225257
1489550
13212306
2277581
18397467
1590895
8252992
5105097
32239142
5840189
564812
5958661
265525
5952430
341201
472148
6449604
6632391
509147
26072110
1642203
989360
1394821
551574
862012
2398418
694499
2992920
544452
1434061
6434372
2148807
26928425
2628032
426820
10472261
903941
1661606
2962212
2390808
304362
10801149
181368
515816
701252
1244937
3592214
2606201
3411266
21965802
391029
12834928
3595373
653820
698693
9349568
72990
906927
97143
185270
2132812
2149967
235458
79124
292660
88914
359644
205066
499991
1345336
109413
212574
1067462
358124
284639
266628
186724
194256
278200
156899
624225
134679
98103
265720
150497
109246
103883
1055763
307454
104587
58320
166537
46879
317567
532464
952074
2113196
172488
181508
105422
338852
667728
34192
75278
14886681
357639
307460
4736532
123255
158639
404925
126866
563079
134478
120860
195336
264895
354839
1085077
240690
1030865
118131
4249477
1523008
324301
188382
4682156
4024517
810462
219580
643334
953610
994771
327182
710998
172692
691094
2343573
504795
1440798
58938281
299004
652502
1608996
1484077
1027533
385226
1006466
1278170
963364
341536
2111109
209255
2800508
21616288
76086
545573
814129
1621170
757166
658391
1097475
358473
125378
793076
176764
1242522
354977
23255066
134359
597535
937176
237495
1519229
1546412
1850165
561357
505883
5215024
701685
894829
3532151
217640
1188140
4433568
193254
252136
1045357
434880
164524
133461
262504
2921976
1608669
2244293
2388704
13126499
510200
256007
3437204
56119672
568817
952363
6746268
5628337
1036882
150467
458853
261506
92430
1385241
5064167
275583
1038075
638547
19067496
4199480
1721880
4719289
2901639
630507
342958
48232
3801540
1156155
386473
322787
1791918
155480
827122
14322696
90039186
296426
460660
528581
3375284
14189548
9030378
340513
88820
349130
1292176
1050063
1293212
808241
2423067
246055
9712856
368146
902195
684435
741652
3081413
1397008
205435
243662
365620
143334
216919
54334515
81736
814513
4802661
355403
113857
3053482
1448950
68968
1314409
1693416
292331
1133249
876929
225165487
742217
1995130
136013
26963370
8249103
140380
5151900
124084
421991
623757
10231223
100298
4996561
27243010
1266943
374266
676608
1591941
214756
231186
32296
22516359
416509
1799946
1301870
3128446
14187779
400531
842748
3547395
312233
4901192
1043923
4454424
6944429
1091675
5324974
1207499
75172
211193
893614
177771
1291769
366229550
4232945
1131946
200031
5664189
1249592
1543327
18796868
877529
2151778
1814596
1318796
911353
3795172
174861
3561962
10127514
1917455
645665
617979
976678
73260
20111650
214373
1365245
5652498
436042
10598008
2830872
1657946
256678
441252
1611764
153843
239628
113823
1110513
154140
2268557
812814
406005
6957974
1462815
907336
1125015
1749002
1388777
799678
2192995
641145
4164495
11986949
203855
312566
10749383
4398964
911051
227666
5638755
111691
2077158
1428314
831788
55084
18200363
934331
137424
531847
1098779
20735800
1940150
829719
29633
2545095
1493440
392899
971499
17734655
1582070
396934
3412081
990108
2790406
3693273
1203297
2339163
1190346
7463247
244423
165198
3446296
4380534
62311
274688
5444587
506016
1327647
2817811
2608590
308507
2724827
221445
773852
292149
2283569
156394
237208
2408666
264821
1459353
563684
9981950
1272313
1426752
546240
339913
317069
419292
643772
98904785
5541671
217571
742819
168424
1982075
4830233
98327126
221459
454883
805815
5723170
1125048
1577921
1031268
3996210
1948024
1923541
2986237
1491914
12412815
1580157
1341627
5205682
701540
445710
17704369
902787
942307
3630820
1617073
2969634
874947
836629
1079997
303278
2162398
4497837
971884
117927
12075679
1171020
868209
229139
474032
1377084
383235
277676
788588
219084
71482
136558
76597334
488440
801823
989382
2701044
1632932
1909148
21295462
700060
4695377
88130
9312660
1516648
1484677
1005354
10196019
130317
1807289
158041
1048947
714168
887662
2443716
3372867
2114600
2330685
1456884
312836
765926
254565
30047597
196312
1796006
196889
1099488
644880
992241
509038
583919
164227
263742
13612524
428412
82025
1562935
179878
511432
352791
2404639
305605
740770
1265689
455849
785191
1857877
267905
366569
1364485
4977584
24807243
68812
1421068
141727
1616889
413830
401031
436025
22116740
1856973
232406
343509
185684
947610
324426
426403
385917
470958
353780
494229
903766
595343
410558
634556
679921
1333023
293596
237528
661884
409975
1446577
1017373
4622255
1086996
318166
1233833
1583676
415054
1473480
8761273
6307700
12031965
20581708
5432913
19971186
6771689
3307885
19392155
820177
4668642
6505017
964535
2702194
101897202
5589156
701149
2052356
4054408
4977687
3320812
3725107
17313234
5771402
1131953
7090871
686289
5109175
3043187
1570062
2285889
863985
616607
10332737
4017494
2173812
16998440
349290
4340772
1734859
203042
3350382
129699
5751303
2292947
2596437
852408
240149410
10669464
1529433
1030493
2765599
442244
1407424
1473416
654736
552009
36587945
639647
7115196
272033
41713479
22080130
1020781
11203002
75044
3222459
10886761
2104759
9839521
371122
2979672
668698
288851
903102
4440966
108125
118076
1228465
970666
187132
491728
1012642
319475
1170964
377938
3993816
804439
1405419
10033362
593137
259006
1108328
519700
2066150
2526419
676052
1542474
734804
593991
6160697
257151
238564
568777
3222638
129925
475292
234360
618740
2502003
2589631
771894
642944
256978
200478
494374
277228
584266
681080
933676
159584
1000040
58113
3180190
544797
446544
652716
1907661
361136
16717147
466356
455292
1429291
2457260
1289538
2519505
721524
37474008
3251872
1174095
1963253
1644892
5636034
109267
4660717
288385
2032526
1510793
603392
926223
164199
816106
3247208
812876
6324802
810329
6460773
521875
718459
1534623
3817252
7331570
1896549
399178
138277
53316365
2042118
915000
1462955
10880117
4691531
244061
1100734
1430608
3683722
560016
7650888
646297
6308225
512846
3238528
3257704
570563
1247445
6466827
875017
1246494
983584
803127
3775385
514686
5482146
26306485
1943275
548650
9266304
3667363
1408752
494331
6256638
1285413
1314423
285263
1705586
563409
284492
472221
5032574
785675
5224501
154173
1381990
587407
1231061
1979675
3907803
2053838
951046
358659
288843